6885195002,cruise
6885195002,lake
6885195002,lakeunion
6885195002,woodenboat
6885195002,1928
6885195002,allurecruise
7031297133,cruise
7031297133,lake
7031297133,lakeunion
7031297133,woodenboat
7031297133,1928
7031297133,allurecruise
7031283063,cruise
7031283063,lake
7031283063,lakeunion
7031283063,woodenboat
7031283063,1928
7031283063,allurecruise
7031275365,cruise
7031275365,lake
7031275365,lakeunion
7031275365,woodenboat
7031275365,1928
7031275365,allurecruise
6885190814,cruise
6885190814,lake
6885190814,lakeunion
6885190814,woodenboat
6885190814,1928
6885190814,allurecruise
7031295661,cruise
7031295661,lake
7031295661,lakeunion
7031295661,woodenboat
7031295661,1928
7031295661,allurecruise
7031287007,cruise
7031287007,lake
7031287007,lakeunion
7031287007,woodenboat
7031287007,1928
7031287007,allurecruise
7031285369,cruise
7031285369,lake
7031285369,lakeunion
7031285369,woodenboat
7031285369,1928
7031285369,allurecruise
6885190452,cruise
6885190452,lake
6885190452,lakeunion
6885190452,woodenboat
6885190452,1928
6885190452,allurecruise
6804451002,field
6804451002,university
6804451002,track
6804451002,state
6804451002,boise
6799503652,sel1855
7031277231,cruise
7031277231,lake
7031277231,lakeunion
7031277231,woodenboat
7031277231,1928
7031277231,allurecruise
7031285645,cruise
7031285645,lake
7031285645,lakeunion
7031285645,woodenboat
7031285645,1928
7031285645,allurecruise
7031274667,cruise
7031274667,lake
7031274667,lakeunion
7031274667,woodenboat
7031274667,1928
7031274667,allurecruise
4740060256,june
4740060256,morya
4740060256,kinner
4740060256,smmsuvarnamohatsav50yearsmaharashtra
4740060256,survanamohatsav
