6127742633,museum
6127742633,flight
