3371605445,equinox
3371605445,mountbakerridge
3807446767,sport
3807446767,baseball
3807446767,mariners
3807446767,safecofield
3807446767,seattlemariners
3807446767,kidsrunthebasesday
3807447977,sport
3807447977,baseball
3807447977,mariners
3807447977,safecofield
3807447977,seattlemariners
3807447977,kidsrunthebasesday
3666538042,cloud
3666538042,field
3666538042,baseball
3666538042,stadium
3666538042,mariners
3666538042,safecofield
3666538042,cumulonimbus
3665734457,field
3665734457,baseball
3665734457,stadium
3665734457,mariners
3665734457,safecofield
3665734457,fathersday
6250899791,station
6250899791,publictransit
6250899791,publictransportation
6250899791,eisenbahn
6250899791,rail
6250899791,railway
6250899791,bahnhof
6250899791,amtrak
6250899791,öpnv
6250899791,haltepunkt
6248993284,mls
6248993284,sounders
6248993284,kaseykeller
6248993284,centurylinkstadium
3806194530,spaceneedle
3806194530,seattlecenter
3807447121,sport
3807447121,baseball
3807447121,mariners
3807447121,safecofield
3807447121,seattlemariners
3807447121,kidsrunthebasesday
6251419160,station
6251419160,publictransit
6251419160,publictransportation
6251419160,eisenbahn
6251419160,rail
6251419160,railway
6251419160,bahnhof
6251419160,amtrak
6251419160,öpnv
6251419160,haltepunkt
