6912372999,models
6912372999,museumofflight
6912372999,rockets
6912372999,boeingmuseumofflight
6912372999,nwsm
6912372999,httpswwwmuseumofflightorg
6912372999,httpwwwmuseumofflightorgpressnorthwestscalemodelersmassiveshowforce
6912372999,northwestscalemodelersmassiveshowoftheforce
6912243971,models
6912243971,transformers
6912243971,museumofflight
6912243971,boeingmuseumofflight
6912243971,nwsm
6912243971,httpswwwmuseumofflightorg
6912243971,httpwwwmuseumofflightorgpressnorthwestscalemodelersmassiveshowforce
6912243971,northwestscalemodelersmassiveshowoftheforce
6912243971,luisangelmex
6908122513,models
6908122513,museumofflight
6908122513,boeingmuseumofflight
6908122513,nwsm
6908122513,httpswwwmuseumofflightorg
6908122513,httpwwwmuseumofflightorgpressnorthwestscalemodelersmassiveshowforce
6908122513,northwestscalemodelersmassiveshowoftheforce
6912269433,models
6912269433,museumofflight
6912269433,boeingmuseumofflight
6912269433,spaceshuttlecolumbia
6912269433,robotarm
6912269433,spookythecat
6912269433,nwsm
6912269433,httpswwwmuseumofflightorg
6912269433,httpwwwmuseumofflightorgpressnorthwestscalemodelersmassiveshowforce
6912269433,northwestscalemodelersmassiveshowoftheforce
6912241387,models
6912241387,transformers
6912241387,museumofflight
6912241387,boeingmuseumofflight
6912241387,nwsm
6912241387,httpswwwmuseumofflightorg
6912241387,httpwwwmuseumofflightorgpressnorthwestscalemodelersmassiveshowforce
6912241387,northwestscalemodelersmassiveshowoftheforce
6912241387,luisangelmex
6912258951,models
6912258951,museumofflight
6912258951,boeingmuseumofflight
6912258951,nwsm
6912258951,httpswwwmuseumofflightorg
6912258951,httpwwwmuseumofflightorgpressnorthwestscalemodelersmassiveshowforce
6912258951,northwestscalemodelersmassiveshowoftheforce
6912370783,models
6912370783,museumofflight
6912370783,boeingmuseumofflight
6912370783,nwsm
6912370783,apollospacecraft
6912370783,httpswwwmuseumofflightorg
6912370783,httpwwwmuseumofflightorgpressnorthwestscalemodelersmassiveshowforce
6912370783,northwestscalemodelersmassiveshowoftheforce
6912246281,models
6912246281,museumofflight
6912246281,enterprise
6912246281,boeingmuseumofflight
6912246281,nwsm
6912246281,httpswwwmuseumofflightorg
6912246281,httpwwwmuseumofflightorgpressnorthwestscalemodelersmassiveshowforce
6912246281,northwestscalemodelersmassiveshowoftheforce
6912246281,johnmorol
6912238881,models
6912238881,museumofflight
6912238881,boeingmuseumofflight
6912238881,nwsm
6912238881,httpswwwmuseumofflightorg
6912238881,httpwwwmuseumofflightorgpressnorthwestscalemodelersmassiveshowforce
6912238881,northwestscalemodelersmassiveshowoftheforce
6128319894,museum
6128319894,flight
6912233759,models
6912233759,museumofflight
6912233759,boeingmuseumofflight
6912233759,nwsm
6912233759,httpswwwmuseumofflightorg
6912233759,httpwwwmuseumofflightorgpressnorthwestscalemodelersmassiveshowforce
6912233759,northwestscalemodelersmassiveshowoftheforce
6912248707,models
6912248707,museumofflight
6912248707,tiefighters
6912248707,boeingmuseumofflight
6912248707,nwsm
6912248707,httpswwwmuseumofflightorg
6912248707,httpwwwmuseumofflightorgpressnorthwestscalemodelersmassiveshowforce
6912248707,northwestscalemodelersmassiveshowoftheforce
6912266797,models
6912266797,museumofflight
6912266797,viper
6912266797,battlestargalactica
6912266797,boeingmuseumofflight
6912266797,nwsm
6912266797,httpswwwmuseumofflightorg
6912266797,httpwwwmuseumofflightorgpressnorthwestscalemodelersmassiveshowforce
6912266797,northwestscalemodelersmassiveshowoftheforce
