8046413853,furry
8046413853,convention
8046413853,con
8046413853,rf
8046413853,2012
8046413853,fursuit
8046413853,rainfurrest
8046413853,rf2012
8046420016,furry
8046420016,convention
8046420016,con
8046420016,rf
8046420016,2012
8046420016,fursuit
8046420016,rainfurrest
8046420016,rf2012
8046412253,furry
8046412253,convention
8046412253,con
8046412253,rf
8046412253,2012
8046412253,fursuit
8046412253,rainfurrest
8046412253,rf2012
8046379991,furry
8046379991,convention
8046379991,con
8046379991,rf
8046379991,2012
8046379991,fursuit
8046379991,rainfurrest
8046379991,rf2012
8046387888,furry
8046387888,convention
8046387888,con
8046387888,rf
8046387888,2012
8046387888,fursuit
8046387888,rainfurrest
8046387888,rf2012
3808771561,game
3808771561,washington
3808771561,kent
3808771561,sca
3808771561,medieval
3808771561,event
3808771561,badminton
3808771561,antir
3808771561,wyewood
3808771561,briscoepark
3808771561,battledoreandshuttlecock
3808771561,kwwos
3808771561,knownwideworldofsports
3808771561,kwwos2
8046381371,furry
8046381371,convention
8046381371,con
8046381371,rf
8046381371,2012
8046381371,fursuit
8046381371,rainfurrest
8046381371,rf2012
8046384065,furry
8046384065,convention
8046384065,con
8046384065,rf
8046384065,2012
8046384065,fursuit
8046384065,rainfurrest
8046384065,rf2012
8046411871,furry
8046411871,convention
8046411871,con
8046411871,rf
8046411871,2012
8046411871,fursuit
8046411871,rainfurrest
8046411871,rf2012
3808761275,game
3808761275,washington
3808761275,kent
3808761275,sca
3808761275,medieval
3808761275,event
3808761275,badminton
3808761275,antir
3808761275,wyewood
3808761275,briscoepark
3808761275,battledoreandshuttlecock
3808761275,kwwos
3808761275,knownwideworldofsports
3808761275,kwwos2
8046406344,furry
8046406344,convention
8046406344,con
8046406344,rf
8046406344,2012
8046406344,rainfurrest
8046406344,rf2012
8046378659,furry
8046378659,convention
8046378659,con
8046378659,rf
8046378659,2012
8046378659,fursuit
8046378659,rainfurrest
8046378659,rf2012
8046388949,furry
8046388949,convention
8046388949,con
8046388949,rf
8046388949,2012
8046388949,fursuit
8046388949,rainfurrest
8046388949,rf2012
8046385680,furry
8046385680,convention
8046385680,con
8046385680,rf
8046385680,2012
8046385680,fursuit
8046385680,rainfurrest
8046385680,rf2012
8046409968,furry
8046409968,convention
8046409968,con
8046409968,rf
8046409968,2012
8046409968,fursuit
8046409968,rainfurrest
8046409968,rf2012
